TCGA	GSE17536	GSE17537	GSE29621	GSE38832	GSE39582	GSE72970
Lasso+Stepglm[both]	0.714600300604705	0.670969441517387	0.712857142857143	0.663	0.650835866261398	0.584183042462553	0.630434782608696
SVM	0.986280541088469	0.5	0.5	0.5	0.5	0.5	0.5
glmBoost+SVM	0.884983746373519	0.490384615384615	0.5	0.5	0.48936170212766	0.496255324996565	0.489979619565217
Ridge	0.70476073962739	0.690200210748156	0.764285714285714	0.661	0.724924012158055	0.619554761577573	0.656589673913043
Lasso+SVM	0.903911356566116	0.5	0.5	0.5	0.5	0.5	0.5
glmBoost+Ridge	0.709147471075536	0.697971548998946	0.721428571428571	0.677	0.699468085106383	0.616586505428061	0.665421195652174
Enet[alpha=0.1]	0.714303191303436	0.696786090621707	0.717142857142857	0.665	0.699848024316109	0.61150199257936	0.66304347826087
glmBoost+Enet[alpha=0.1]	0.709462057394526	0.698761854583772	0.714285714285714	0.674	0.699088145896657	0.612340250103064	0.660326086956522
Enet[alpha=0.2]	0.715963507986997	0.701923076923077	0.711428571428571	0.67	0.69338905775076	0.608973478081627	0.659307065217391
Enet[alpha=0.3]	0.709252333181866	0.70100105374078	0.708571428571429	0.679	0.694528875379939	0.605936512299024	0.658967391304348
glmBoost+Enet[alpha=0.3]	0.709234856164144	0.697312961011591	0.708571428571429	0.682	0.696048632218845	0.608313865603958	0.65523097826087
glmBoost+Enet[alpha=0.2]	0.709322241252753	0.697708113804004	0.71	0.678	0.69870820668693	0.609688058265769	0.655570652173913
Enet[alpha=0.4]	0.709112517040092	0.700605900948367	0.708571428571429	0.683	0.69338905775076	0.604232513398378	0.656589673913043
glmBoost+Enet[alpha=0.4]	0.708955223880597	0.696917808219178	0.707142857142857	0.683	0.698328267477204	0.606898447162292	0.651154891304348
Lasso+glmBoost	0.723321332447831	0.693888303477345	0.714285714285714	0.665	0.68161094224924	0.604356190737941	0.644701086956522
Enet[alpha=0.5]	0.70981159774896	0.702054794520548	0.705714285714286	0.681	0.691869300911854	0.60393019101278	0.65726902173913
glmBoost	0.711297144255304	0.702186512118019	0.705714285714286	0.675	0.695668693009118	0.599752645320874	0.653192934782609
glmBoost+Enet[alpha=0.5]	0.708640637561606	0.696786090621707	0.707142857142857	0.683	0.697948328267477	0.606376253950804	0.651494565217391
Enet[alpha=0.6]	0.710126184067951	0.702713382507903	0.707142857142857	0.678	0.693009118541033	0.602569740277587	0.654891304347826
glmBoost+Enet[alpha=0.6]	0.708535775455276	0.69718124341412	0.707142857142857	0.681	0.697188449848024	0.605840318812698	0.650475543478261
glmBoost+Enet[alpha=0.7]	0.708448390366668	0.696654373024236	0.705714285714286	0.681	0.698328267477204	0.605854060739316	0.652853260869565
glmBoost+Enet[alpha=0.8]	0.708395959313503	0.69718124341412	0.708571428571429	0.68	0.697188449848024	0.605070770922083	0.650135869565217
Enet[alpha=0.8]	0.710318431262889	0.702186512118019	0.705714285714286	0.675	0.694528875379939	0.600563418991343	0.654891304347826
Enet[alpha=0.9]	0.715177042189521	0.702186512118019	0.708571428571429	0.672	0.69338905775076	0.600673354404287	0.654551630434783
Lasso	0.715054703065469	0.702976817702845	0.708571428571429	0.674	0.69338905775076	0.600096193486327	0.654211956521739
Enet[alpha=0.7]	0.715142088154077	0.702976817702845	0.708571428571429	0.67	0.695288753799392	0.602171224405662	0.654551630434783
glmBoost+Enet[alpha=0.9]	0.708500821419833	0.697708113804004	0.705714285714286	0.68	0.697948328267477	0.605579222206953	0.652853260869565
glmBoost+Lasso	0.708273620189451	0.697444678609062	0.707142857142857	0.68	0.697948328267477	0.604809674316339	0.650475543478261
Lasso+plsRglm	0.723356286483274	0.68163856691254	0.7	0.669	0.664133738601824	0.602102514772571	0.643682065217391
glmBoost+plsRglm	0.706106469991961	0.692439409905163	0.732857142857143	0.682	0.704407294832827	0.621025147725711	0.656929347826087
glmBoost+Stepglm[forward]	0.708535775455276	0.697049525816649	0.704285714285714	0.678	0.696808510638298	0.606541157070221	0.652173913043478
Lasso+Stepglm[forward]	0.727183753364326	0.674657534246575	0.694285714285714	0.648	0.65273556231003	0.598337226879208	0.628736413043478
RF+SVM	0.962966199447726	0.5	0.5	0.5	0.5	0.5	0.5
Stepglm[forward]	0.796812191967563	0.654109589041096	0.71	0.652	0.552051671732523	0.601429160368284	0.649116847826087
plsRglm	0.711384529343913	0.659114857744995	0.728571428571429	0.639	0.736322188449848	0.616174247629518	0.668478260869565
RF+Ridge	0.70393931979447	0.690068493150685	0.757142857142857	0.64	0.697188449848024	0.615789473684211	0.663383152173913
RF+Enet[alpha=0.1]	0.707679401586913	0.694942044257113	0.722857142857143	0.669	0.694528875379939	0.60472722275663	0.66304347826087
RF+plsRglm	0.702523681359013	0.659905163329821	0.632857142857143	0.588	0.66983282674772	0.601058128349595	0.669157608695652
RF+Stepglm[forward]	0.736114509420113	0.636195995785037	0.701428571428571	0.585	0.674012158054711	0.62132747011131	0.719429347826087
RF+Enet[alpha=0.2]	0.708623160543885	0.696390937829294	0.714285714285714	0.671	0.694908814589666	0.601731482753882	0.657608695652174
RF+Enet[alpha=0.3]	0.708518298437555	0.696390937829294	0.705714285714286	0.671	0.69338905775076	0.600893225230177	0.658288043478261
RF+Enet[alpha=0.6]	0.708011464923625	0.697444678609062	0.701428571428571	0.673	0.695288753799392	0.598914387797169	0.65523097826087
RF+Lasso	0.707155091055262	0.696127502634352	0.697142857142857	0.671	0.693768996960486	0.597938711007283	0.653192934782609
RF+Enet[alpha=0.7]	0.70764444755147	0.696917808219178	0.7	0.671	0.69338905775076	0.59832348495259	0.655570652173913
RF+Enet[alpha=0.5]	0.708291097207173	0.697576396206533	0.701428571428571	0.675	0.694908814589666	0.59927167788924	0.653872282608696
RF+glmBoost	0.707277430179314	0.697839831401475	0.695714285714286	0.672	0.690729483282675	0.597457743575649	0.654211956521739
RF+Enet[alpha=0.9]	0.707504631409696	0.696522655426765	0.697142857142857	0.671	0.694148936170213	0.598199807613027	0.653192934782609
RF+Enet[alpha=0.4]	0.708063895976791	0.697049525816649	0.704285714285714	0.671	0.69338905775076	0.600206128899272	0.654211956521739
RF+Enet[alpha=0.8]	0.707784263693243	0.696654373024236	0.7	0.671	0.697568389057751	0.599065548989968	0.652853260869565
RF+Stepglm[both]	0.715963507986997	0.669652265542676	0.655714285714286	0.607	0.7040273556231	0.602748385323622	0.633491847826087
RF+Stepglm[backward]	0.715963507986997	0.669652265542676	0.655714285714286	0.607	0.7040273556231	0.602748385323622	0.633491847826087
Stepglm[both]+Ridge	0.748732916215177	0.699025289778714	0.691428571428571	0.646	0.608662613981763	0.598969355503642	0.564198369565217
Stepglm[backward]+Ridge	0.744293753713866	0.672550052687039	0.764285714285714	0.671	0.61854103343465	0.623402501030645	0.645720108695652
Stepglm[both]+plsRglm	0.748890209374672	0.677028451001054	0.665714285714286	0.62	0.581306990881459	0.595891163941185	0.568953804347826
Stepglm[backward]+plsRglm	0.742441189835366	0.650684931506849	0.751428571428571	0.664	0.624240121580547	0.620777793046585	0.647758152173913
Stepglm[both]+Enet[alpha=0.9]	0.752333181865846	0.686248682824025	0.688571428571429	0.652	0.555471124620061	0.587852136869589	0.526494565217391
Stepglm[backward]+Enet[alpha=0.9]	0.746356041805026	0.663198103266596	0.76	0.674	0.59612462006079	0.616297924969081	0.619565217391304
Stepglm[both]+Enet[alpha=0.1]	0.750917543430389	0.689936775553214	0.692857142857143	0.651	0.582446808510638	0.593719939535523	0.546875
Stepglm[backward]+Enet[alpha=0.1]	0.74660072005313	0.665437302423604	0.762857142857143	0.673	0.60258358662614	0.618757729833723	0.626358695652174
Stepglm[both]+Enet[alpha=0.8]	0.752210842741795	0.686116965226554	0.69	0.652	0.555471124620061	0.587962072282534	0.526154891304348
Stepglm[backward]+Enet[alpha=0.8]	0.746460903911357	0.663066385669125	0.762857142857143	0.673	0.59612462006079	0.616050570289955	0.619225543478261
Stepglm[both]+Enet[alpha=0.2]	0.751284560802545	0.688619599578504	0.695714285714286	0.648	0.581306990881459	0.593032843204617	0.547554347826087
Stepglm[backward]+Enet[alpha=0.2]	0.746268656716418	0.668730242360379	0.761428571428571	0.672	0.609042553191489	0.619829600109935	0.630095108695652
Stepglm[both]+Lasso	0.752245796777238	0.684404636459431	0.687142857142857	0.649	0.549012158054711	0.587274975951628	0.523777173913043
Stepglm[backward]+Lasso	0.746635674088574	0.662802950474183	0.762857142857143	0.673	0.594984802431611	0.615844441390683	0.618546195652174
Stepglm[both]+Enet[alpha=0.6]	0.751931210458247	0.685985247629083	0.688571428571429	0.649	0.559270516717325	0.58849800742064	0.529891304347826
Stepglm[backward]+Enet[alpha=0.6]	0.746460903911357	0.663066385669125	0.762857142857143	0.674	0.59612462006079	0.6161605057029	0.619904891304348
glmBoost+GBM	0.832867279527421	0.473854056902002	0.321428571428571	0.4875	0.54483282674772	0.491617424762952	0.418138586956522
Stepglm[both]+Enet[alpha=0.7]	0.75175644028103	0.687170706006322	0.692857142857143	0.647	0.565349544072948	0.589418716504054	0.533627717391304
Stepglm[backward]+Enet[alpha=0.7]	0.746356041805026	0.663461538461538	0.76	0.674	0.598404255319149	0.617067472859695	0.619904891304348
Lasso+Stepglm[backward]	0.714600300604705	0.670969441517387	0.712857142857143	0.663	0.650835866261398	0.584183042462553	0.630434782608696
Stepglm[both]	0.753172078716488	0.681243414120126	0.688571428571429	0.649	0.542553191489362	0.585433557784801	0.517663043478261
Stepglm[backward]	0.746635674088574	0.658192834562698	0.768571428571429	0.677	0.587765957446808	0.614731345334616	0.614470108695652
glmBoost+Stepglm[both]	0.70743472333881	0.696654373024236	0.671428571428571	0.659	0.701367781155015	0.603957674866016	0.654211956521739
glmBoost+Stepglm[backward]	0.70743472333881	0.696654373024236	0.671428571428571	0.659	0.701367781155015	0.603957674866016	0.654211956521739
Stepglm[both]+Enet[alpha=0.4]	0.751494285015205	0.686380400421496	0.692857142857143	0.651	0.568009118541033	0.590064587055105	0.535665760869565
Stepglm[backward]+Enet[alpha=0.4]	0.746758013212625	0.663066385669125	0.762857142857143	0.674	0.59726443768997	0.616407860382026	0.620923913043478
Stepglm[both]+Enet[alpha=0.3]	0.751704009227865	0.686775553213909	0.692857142857143	0.646	0.564209726443769	0.589707296963034	0.533967391304348
Stepglm[backward]+Enet[alpha=0.3]	0.746321087769583	0.664646996838778	0.764285714285714	0.674	0.599544072948328	0.618043149649581	0.625
Stepglm[both]+glmBoost	0.721241567338949	0.702976817702845	0.677142857142857	0.644	0.666413373860182	0.584169300535935	0.616508152173913
Stepglm[backward]+glmBoost	0.693418155126009	0.678609062170706	0.632857142857143	0.665	0.678951367781155	0.614717603407998	0.658288043478261
Stepglm[both]+Enet[alpha=0.5]	0.751966164493691	0.686643835616438	0.691428571428571	0.647	0.56193009118541	0.589075168338601	0.53125
Stepglm[backward]+Enet[alpha=0.5]	0.74628613373414	0.666095890410959	0.762857142857143	0.673	0.602203647416413	0.618180568915762	0.624320652173913
glmBoost+RF	0.999353350344297	0.507310326659642	0.681428571428571	0.435	0.490881458966565	0.517946956163254	0.517663043478261
RF	1	0.495916754478398	0.540714285714286	0.5045	0.565919452887538	0.517830149787	0.533118206521739
Lasso+GBM	0.832063336712223	0.523050579557429	0.5	0.5125	0.518617021276596	0.503923320049471	0.483695652173913
RF+GBM	0.93353490160439	0.55031612223393	0.664285714285714	0.504	0.554901215805471	0.524446887453621	0.53804347826087
GBM	0.896011744555909	0.557824025289779	0.642142857142857	0.5175	0.571428571428571	0.544413906829738	0.573879076086957
Stepglm[both]+SVM	0.946065923310846	0.5	0.5	0.5	0.5	0.5	0.5
Stepglm[backward]+SVM	0.940141214303191	0.5	0.5	0.5	0.5	0.5	0.5
Lasso+RF	0.999930091929113	0.534378292939937	0.631428571428571	0.4465	0.517287234042553	0.518317988181943	0.543478260869565
Stepglm[both]+GBM	0.86665035478346	0.558548472075869	0.677142857142857	0.5205	0.552431610942249	0.516346021712244	0.533627717391304
Stepglm[backward]+GBM	0.872977035198714	0.565397787144363	0.672857142857143	0.517	0.551481762917933	0.521073244468875	0.527853260869565
Stepglm[both]+RF	0.999930091929113	0.532665964172813	0.685714285714286	0.4415	0.519566869300912	0.522014566442215	0.515115489130435
LDA	0.789699045754832	0.628490516332982	0.692142857142857	0.65	0.570668693009118	0.574714855022674	0.680027173913043
glmBoost+LDA	0.707889125799574	0.697708113804004	0.708571428571429	0.674	0.693009118541033	0.608671155696029	0.658627717391304
RF+LDA	0.738054458387221	0.634615384615385	0.702857142857143	0.597	0.684270516717325	0.626755531125464	0.718410326086957
Stepglm[both]+LDA	0.750707819217729	0.682297154899895	0.7	0.645	0.565729483282675	0.592634327332692	0.533967391304348
Stepglm[backward]+LDA	0.745499667936663	0.662276080084299	0.765714285714286	0.674	0.601823708206687	0.617699601484128	0.625339673913043
Lasso+LDA	0.727271138452934	0.673867228661749	0.707142857142857	0.664	0.644756838905775	0.599381613302185	0.634510869565217
Stepglm[backward]+RF	0.99989513789367	0.593256059009484	0.745714285714286	0.5235	0.579217325227964	0.536725298886904	0.547044836956522
